2 0.3740234375 0.103515625 0.1240234375 0.09765625
2 0.5498046875 0.1259765625 0.130859375 0.0986328125
2 0.708984375 0.16796875 0.1318359375 0.0966796875
2 0.796875 0.33203125 0.1396484375 0.107421875
2 0.62890625 0.2802734375 0.1396484375 0.1083984375
2 0.4482421875 0.2060546875 0.1396484375 0.107421875
2 0.267578125 0.2041015625 0.134765625 0.09765625
2 0.2470703125 0.373046875 0.1318359375 0.1015625
2 0.404296875 0.443359375 0.1376953125 0.1083984375
2 0.5947265625 0.53125 0.1279296875 0.0927734375
0 0.451171875 0.3115234375 0.134765625 0.1005859375
0 0.6064453125 0.3935546875 0.130859375 0.099609375
0 0.61328125 0.7509765625 0.1279296875 0.09765625
0 0.55078125 0.63671875 0.1171875 0.0908203125
0 0.251953125 0.828125 0.11328125 0.083984375
0 0.1435546875 0.76171875 0.115234375 0.0849609375
3 0.396484375 0.568359375 0.125 0.095703125
1 0.7568359375 0.46484375 0.15234375 0.1142578125
1 0.2626953125 0.66796875 0.15234375 0.115234375
4 0.7724609375 0.673828125 0.1416015625 0.1015625
4 0.76953125 0.8515625 0.130859375 0.1015625
4 0.5634765625 0.8701171875 0.134765625 0.1005859375
4 0.40625 0.806640625 0.134765625 0.103515625