2 0.2958984375 0.1044921875 0.1318359375 0.1025390625
2 0.478515625 0.125 0.1328125 0.099609375
2 0.6484375 0.1650390625 0.1298828125 0.1015625
2 0.37890625 0.2080078125 0.138671875 0.1083984375
2 0.1923828125 0.208984375 0.13671875 0.1025390625
2 0.5634765625 0.279296875 0.134765625 0.109375
2 0.736328125 0.3271484375 0.1396484375 0.109375
2 0.1796875 0.3818359375 0.130859375 0.09765625
2 0.3427734375 0.4501953125 0.1435546875 0.1064453125
2 0.5419921875 0.5341796875 0.125 0.095703125
0 0.384765625 0.314453125 0.134765625 0.1015625
0 0.5478515625 0.3955078125 0.1328125 0.09765625
0 0.501953125 0.640625 0.1142578125 0.0849609375
0 0.5703125 0.75390625 0.12890625 0.0986328125
0 0.2080078125 0.8427734375 0.1142578125 0.0869140625
1 0.20703125 0.681640625 0.15625 0.1162109375
1 0.7021484375 0.462890625 0.154296875 0.1181640625
4 0.72265625 0.671875 0.1328125 0.103515625
4 0.73046875 0.8505859375 0.1318359375 0.1005859375
4 0.5263671875 0.8740234375 0.1337890625 0.1015625
4 0.361328125 0.8173828125 0.1337890625 0.09765625
3 0.3427734375 0.578125 0.1259765625 0.0927734375