2 0.39453125 0.1044921875 0.1279296875 0.09765625
2 0.5654296875 0.1259765625 0.125 0.095703125
2 0.7275390625 0.1650390625 0.1220703125 0.09765625
4 0.8798828125 0.2177734375 0.1328125 0.1015625
2 0.4716796875 0.205078125 0.1357421875 0.1025390625
2 0.6455078125 0.2744140625 0.13671875 0.10546875
2 0.8095703125 0.3232421875 0.1337890625 0.1005859375
2 0.3134765625 0.2197265625 0.126953125 0.0966796875
4 0.1572265625 0.279296875 0.1328125 0.1015625
2 0.1123046875 0.38671875 0.1416015625 0.1044921875
2 0.318359375 0.39453125 0.1240234375 0.0947265625
0 0.4638671875 0.3310546875 0.1298828125 0.0966796875
0 0.62890625 0.3876953125 0.130859375 0.09765625
1 0.7724609375 0.4541015625 0.15234375 0.1123046875
3 0.4501953125 0.458984375 0.123046875 0.0908203125
2 0.6181640625 0.51953125 0.1240234375 0.0947265625
2 0.2666015625 0.5078125 0.1259765625 0.095703125
1 0.125 0.591796875 0.1484375 0.111328125
1 0.458984375 0.58984375 0.1435546875 0.1083984375
0 0.5966796875 0.6279296875 0.1083984375 0.08203125
4 0.7900390625 0.65625 0.12890625 0.099609375
0 0.181640625 0.7490234375 0.1162109375 0.083984375
0 0.287109375 0.8115234375 0.111328125 0.083984375
4 0.439453125 0.7890625 0.1337890625 0.09765625
0 0.6396484375 0.732421875 0.12890625 0.095703125
4 0.5947265625 0.8505859375 0.1318359375 0.0986328125
4 0.794921875 0.830078125 0.1318359375 0.099609375