2 0.23828125 0.115234375 0.1513671875 0.1171875
2 0.4423828125 0.1103515625 0.1708984375 0.1240234375
2 0.6513671875 0.1943359375 0.158203125 0.1259765625
2 0.8486328125 0.2529296875 0.162109375 0.1259765625
0 0.4443359375 0.2744140625 0.1513671875 0.1142578125
0 0.6298828125 0.330078125 0.1591796875 0.1142578125
1 0.806640625 0.423828125 0.1806640625 0.1357421875
2 0.6669921875 0.5068359375 0.1494140625 0.1103515625
2 0.4521484375 0.4013671875 0.1591796875 0.123046875
2 0.265625 0.333984375 0.1513671875 0.11328125
3 0.416015625 0.5478515625 0.1376953125 0.103515625
0 0.568359375 0.5966796875 0.1318359375 0.09765625
0 0.7822265625 0.607421875 0.15234375 0.111328125
4 0.6064453125 0.7265625 0.1552734375 0.1142578125
4 0.8271484375 0.8486328125 0.1533203125 0.1123046875
4 0.416015625 0.8017578125 0.1484375 0.11328125
0 0.2421875 0.8251953125 0.1279296875 0.0947265625
1 0.2470703125 0.646484375 0.169921875 0.126953125