2 0.146484375 0.12109375 0.1630859375 0.126953125
2 0.3740234375 0.1162109375 0.17578125 0.140625
2 0.6025390625 0.1982421875 0.1826171875 0.140625
2 0.828125 0.2587890625 0.1845703125 0.140625
0 0.3701171875 0.291015625 0.162109375 0.126953125
2 0.1826171875 0.3603515625 0.16015625 0.123046875
0 0.5859375 0.3466796875 0.173828125 0.12890625
1 0.783203125 0.451171875 0.2001953125 0.1513671875
2 0.6259765625 0.546875 0.1630859375 0.123046875
0 0.7646484375 0.66015625 0.16796875 0.125
1 0.80859375 0.8701171875 0.2021484375 0.146484375
2 0.384765625 0.431640625 0.173828125 0.1337890625
0 0.357421875 0.578125 0.142578125 0.109375
0 0.5078125 0.6474609375 0.1435546875 0.1064453125
3 0.369140625 0.8349609375 0.1494140625 0.1142578125
4 0.5576171875 0.7958984375 0.1728515625 0.12890625