2 0.546875 0.150390625 0.197265625 0.1513671875
2 0.78515625 0.2138671875 0.1982421875 0.150390625
0 0.298828125 0.251953125 0.1806640625 0.138671875
0 0.5302734375 0.314453125 0.18359375 0.140625
1 0.7431640625 0.421875 0.21875 0.162109375
2 0.5791015625 0.5263671875 0.1767578125 0.1328125
0 0.7275390625 0.6474609375 0.185546875 0.1318359375
1 0.78515625 0.8740234375 0.2119140625 0.1591796875
4 0.5078125 0.7978515625 0.189453125 0.1396484375
3 0.3046875 0.841796875 0.1630859375 0.126953125
0 0.4521484375 0.6357421875 0.1572265625 0.115234375
0 0.287109375 0.5615234375 0.1572265625 0.1171875
2 0.3154296875 0.40234375 0.19140625 0.1455078125
2 0.0712890625 0.0712890625 0.138671875 0.1337890625