2 0.7392578125 0.166015625 0.208984375 0.158203125
0 0.2314453125 0.2021484375 0.185546875 0.14453125
0 0.4716796875 0.267578125 0.189453125 0.14453125
1 0.6904296875 0.3818359375 0.224609375 0.16796875
2 0.255859375 0.375 0.205078125 0.1494140625
2 0.51953125 0.4892578125 0.18359375 0.134765625
0 0.318359375 0.51171875 0.15625 0.119140625
0 0.3984375 0.62109375 0.15625 0.1220703125
0 0.671875 0.6142578125 0.1865234375 0.1376953125
4 0.494140625 0.7548828125 0.1875 0.142578125
3 0.298828125 0.7919921875 0.16796875 0.1298828125