4 0.1982421875 0.1640625 0.138671875 0.1083984375
2 0.3935546875 0.1123046875 0.1279296875 0.1005859375
2 0.5693359375 0.1328125 0.12890625 0.1015625
2 0.732421875 0.1728515625 0.1298828125 0.1005859375
4 0.892578125 0.2255859375 0.138671875 0.10546875
2 0.4716796875 0.212890625 0.140625 0.1083984375
2 0.3076171875 0.2314453125 0.12890625 0.0966796875
2 0.65234375 0.28515625 0.1435546875 0.1064453125
2 0.818359375 0.3349609375 0.142578125 0.1064453125
0 0.462890625 0.3447265625 0.1318359375 0.0986328125
0 0.630859375 0.40234375 0.1318359375 0.099609375
1 0.7822265625 0.4697265625 0.1494140625 0.111328125
4 0.1494140625 0.2919921875 0.1396484375 0.1005859375
2 0.3154296875 0.4091796875 0.130859375 0.0947265625
2 0.103515625 0.40234375 0.1376953125 0.10546875
3 0.44921875 0.4755859375 0.1220703125 0.0888671875
2 0.62109375 0.537109375 0.126953125 0.0927734375
2 0.263671875 0.525390625 0.126953125 0.09375
1 0.123046875 0.6103515625 0.1474609375 0.109375
1 0.4609375 0.6083984375 0.1513671875 0.1103515625
0 0.599609375 0.6474609375 0.111328125 0.083984375
4 0.798828125 0.67578125 0.13671875 0.099609375
0 0.1826171875 0.76953125 0.119140625 0.083984375
0 0.2919921875 0.83203125 0.107421875 0.08203125
4 0.443359375 0.8095703125 0.1328125 0.1005859375
0 0.6435546875 0.751953125 0.1259765625 0.0947265625
4 0.5986328125 0.869140625 0.1318359375 0.095703125
4 0.802734375 0.849609375 0.130859375 0.09765625