3 0.44921875 0.4658203125 0.12109375 0.0869140625
4 0.873046875 0.2353515625 0.1328125 0.099609375
4 0.7734375 0.6591796875 0.1318359375 0.0927734375
4 0.775390625 0.822265625 0.1279296875 0.0927734375
4 0.580078125 0.841796875 0.12890625 0.09375
4 0.4345703125 0.7841796875 0.1220703125 0.0927734375
4 0.193359375 0.8994140625 0.1259765625 0.0927734375
4 0.1708984375 0.287109375 0.1298828125 0.0986328125
2 0.404296875 0.1201171875 0.1171875 0.0966796875
2 0.5732421875 0.1435546875 0.1240234375 0.095703125
2 0.724609375 0.1826171875 0.123046875 0.095703125
2 0.802734375 0.337890625 0.126953125 0.1005859375
2 0.642578125 0.2890625 0.1298828125 0.099609375
2 0.474609375 0.2197265625 0.1357421875 0.1015625
2 0.322265625 0.232421875 0.125 0.09375
2 0.1259765625 0.392578125 0.1318359375 0.1005859375
2 0.3232421875 0.4013671875 0.123046875 0.091796875
2 0.2724609375 0.5107421875 0.1142578125 0.091796875
2 0.61328125 0.5263671875 0.1220703125 0.087890625
1 0.138671875 0.58984375 0.14453125 0.1064453125
1 0.765625 0.46484375 0.146484375 0.1123046875
0 0.46484375 0.341796875 0.126953125 0.0966796875
0 0.6240234375 0.396484375 0.1298828125 0.0927734375
0 0.62890625 0.728515625 0.1171875 0.0888671875
0 0.5888671875 0.630859375 0.1142578125 0.080078125
0 0.291015625 0.80078125 0.1083984375 0.076171875
0 0.185546875 0.7421875 0.1142578125 0.080078125
1 0.45703125 0.591796875 0.1435546875 0.107421875
1 0.2119140625 0.115234375 0.1484375 0.1123046875