2 0.1376953125 0.1259765625 0.1669921875 0.1279296875
2 0.59375 0.2060546875 0.1826171875 0.138671875
2 0.818359375 0.2685546875 0.1845703125 0.140625
0 0.36328125 0.298828125 0.16796875 0.1279296875
0 0.5751953125 0.35546875 0.16796875 0.12890625
1 0.771484375 0.4609375 0.2060546875 0.15234375
2 0.6171875 0.5556640625 0.166015625 0.12109375
2 0.1689453125 0.3662109375 0.15234375 0.12109375
2 0.3720703125 0.4365234375 0.1806640625 0.1357421875
0 0.3388671875 0.5849609375 0.1416015625 0.1083984375
0 0.4921875 0.654296875 0.1513671875 0.109375
0 0.7529296875 0.6728515625 0.166015625 0.126953125
3 0.349609375 0.845703125 0.15625 0.1171875
4 0.5439453125 0.806640625 0.1708984375 0.1259765625
1 0.796875 0.8837890625 0.1982421875 0.146484375