2 0.234375 0.12109375 0.14453125 0.111328125
2 0.4345703125 0.1162109375 0.158203125 0.12109375
2 0.6337890625 0.197265625 0.162109375 0.125
2 0.828125 0.25390625 0.162109375 0.123046875
0 0.4326171875 0.2734375 0.146484375 0.1103515625
0 0.61328125 0.3271484375 0.1484375 0.1123046875
1 0.7841796875 0.4189453125 0.1826171875 0.134765625
2 0.650390625 0.5009765625 0.1435546875 0.1064453125
2 0.439453125 0.3955078125 0.154296875 0.119140625
0 0.2607421875 0.330078125 0.14453125 0.109375
3 0.40234375 0.541015625 0.1357421875 0.1005859375
0 0.552734375 0.58984375 0.1259765625 0.09765625
0 0.765625 0.603515625 0.1484375 0.107421875
1 0.232421875 0.63671875 0.169921875 0.125
4 0.5908203125 0.71875 0.146484375 0.1103515625
4 0.806640625 0.84375 0.1513671875 0.11328125
4 0.57421875 0.86328125 0.1474609375 0.111328125
4 0.3984375 0.791015625 0.15234375 0.111328125
0 0.228515625 0.810546875 0.1201171875 0.091796875