2 0.38671875 0.0791015625 0.1357421875 0.1044921875
2 0.5703125 0.1025390625 0.138671875 0.1044921875
2 0.740234375 0.14453125 0.1376953125 0.1015625
2 0.46484375 0.1865234375 0.146484375 0.1123046875
2 0.6513671875 0.26171875 0.1455078125 0.1123046875
2 0.828125 0.314453125 0.1484375 0.1123046875
2 0.2998046875 0.203125 0.1337890625 0.103515625
4 0.1337890625 0.2646484375 0.140625 0.107421875
2 0.259765625 0.3623046875 0.12890625 0.099609375
2 0.419921875 0.43359375 0.142578125 0.109375
0 0.46875 0.2978515625 0.1376953125 0.1005859375
0 0.6298828125 0.3818359375 0.138671875 0.1015625
1 0.78515625 0.4560546875 0.158203125 0.119140625
2 0.6181640625 0.5244140625 0.1328125 0.0947265625
3 0.4150390625 0.5625 0.125 0.091796875
0 0.5751953125 0.6318359375 0.1181640625 0.0859375
4 0.798828125 0.6689453125 0.1396484375 0.1044921875
0 0.63671875 0.748046875 0.1396484375 0.1015625
4 0.798828125 0.8515625 0.1328125 0.1025390625
4 0.5927734375 0.8681640625 0.1328125 0.099609375
4 0.427734375 0.8056640625 0.140625 0.10546875
1 0.27734375 0.6630859375 0.1513671875 0.1142578125
0 0.158203125 0.759765625 0.115234375 0.0888671875
0 0.26953125 0.8251953125 0.115234375 0.0869140625