1 0.2421875 0.62890625 0.1708984375 0.12890625
1 0.810546875 0.3994140625 0.1796875 0.13671875
0 0.4560546875 0.220703125 0.1552734375 0.1171875
0 0.63671875 0.3173828125 0.1533203125 0.1123046875
0 0.5693359375 0.59765625 0.126953125 0.099609375
0 0.63671875 0.724609375 0.146484375 0.1103515625
0 0.2294921875 0.806640625 0.12890625 0.09765625
2 0.25 0.0986328125 0.1455078125 0.115234375
2 0.4560546875 0.0966796875 0.1611328125 0.126953125
2 0.6611328125 0.181640625 0.1611328125 0.1279296875
2 0.857421875 0.2451171875 0.1630859375 0.1279296875
2 0.619140625 0.474609375 0.146484375 0.111328125
2 0.4013671875 0.3740234375 0.162109375 0.1201171875
2 0.2275390625 0.294921875 0.1474609375 0.1103515625
3 0.392578125 0.517578125 0.1376953125 0.10546875
4 0.8212890625 0.6416015625 0.154296875 0.1171875
4 0.8193359375 0.8447265625 0.154296875 0.11328125
4 0.5859375 0.8623046875 0.16015625 0.1142578125
4 0.4033203125 0.787109375 0.154296875 0.115234375