2 0.08984375 0.0634765625 0.1728515625 0.125
0 0.3330078125 0.2392578125 0.1796875 0.138671875
0 0.5703125 0.30078125 0.1875 0.140625
2 0.8310546875 0.19921875 0.1943359375 0.150390625
2 0.3525390625 0.390625 0.197265625 0.1494140625
1 0.787109375 0.41015625 0.224609375 0.1650390625
2 0.623046875 0.5146484375 0.177734375 0.1318359375
0 0.7705078125 0.6396484375 0.185546875 0.1357421875
0 0.3232421875 0.552734375 0.158203125 0.1201171875
0 0.4921875 0.625 0.1572265625 0.1171875
3 0.3388671875 0.8369140625 0.1650390625 0.12890625
4 0.5478515625 0.791015625 0.1826171875 0.140625
1 0.8251953125 0.8701171875 0.2177734375 0.1630859375