4 0.8837890625 0.2158203125 0.1318359375 0.1044921875
4 0.7802734375 0.6533203125 0.138671875 0.099609375
4 0.7802734375 0.8271484375 0.130859375 0.095703125
4 0.580078125 0.841796875 0.12890625 0.0986328125
4 0.42578125 0.78125 0.1279296875 0.099609375
4 0.16015625 0.2685546875 0.1357421875 0.1005859375
1 0.125 0.578125 0.1416015625 0.109375
1 0.2890625 0.6455078125 0.14453125 0.107421875
2 0.275390625 0.3603515625 0.1279296875 0.09375
2 0.4267578125 0.4287109375 0.1357421875 0.103515625
2 0.6484375 0.26953125 0.1357421875 0.1103515625
2 0.8095703125 0.3203125 0.138671875 0.1025390625
2 0.73046875 0.16015625 0.125 0.0966796875
2 0.5703125 0.119140625 0.1220703125 0.0966796875
2 0.4736328125 0.1962890625 0.1396484375 0.10546875
2 0.31640625 0.2119140625 0.1240234375 0.0966796875
2 0.4013671875 0.0966796875 0.12890625 0.0986328125
2 0.611328125 0.515625 0.1220703125 0.0908203125
0 0.4755859375 0.3017578125 0.1240234375 0.09765625
0 0.6279296875 0.380859375 0.1318359375 0.0966796875
0 0.626953125 0.7275390625 0.126953125 0.091796875
0 0.2783203125 0.798828125 0.1064453125 0.08203125
0 0.1728515625 0.736328125 0.107421875 0.0859375
0 0.568359375 0.6171875 0.111328125 0.0810546875
3 0.419921875 0.55078125 0.115234375 0.08984375
1 0.7724609375 0.451171875 0.1484375 0.111328125